ߎȐ
y = a[2] * x^2  + a[1] * x + a[0] 
a[0] : 0.955920
a[1] : 3.061651
a[2] : -2.007647
