ߎȐ
y = a[2] * x^2  + a[1] * x + a[0] 
a[0] : -1.423820
a[1] : -5.109422
a[2] : 3.011304
